1101
1102
1103
1104
1108
1109
1110
1201
1203
1210
1213
1215
1216
1217
1218
1219
1220
1225
1227
1229
1231
1232
1233
1234
1235
1236
1262
1301
1303
1304
1305
1307
1308
1309
1310
1312
1313
1314
1315
1319
1321
1323
1324
1325
1326
1337
1338
1339
1340
1402
1409
1410
1414
1416
1417
1418
1419
1423
1432
1434
1435
1436
1438
1439
1440
1441
1442
1443
1444
1445
1446
1447
1449
1451
1452
1453
1454
1455
1456
1457
1459
1460
1463
1464
1465
1467
1468
1469
1470
1471
1472
1473
1474
1475
1476
1477
1503
1504
1506
1507
1512
1513
1514
1515
1516
1517
1519
1521
1522
1524
1525
1526
1527
1528
1529
1530
1531
1535
1536
1537
1538
1539
1540
1541
1560
1568
1582
1583
1589
1590
1592
1603
1604
1605
1608
1609
1611
1612
1613
1614
1615
1616
1617
1618
1626
1701
1702
1704
1707
1708
1709
1710
1711
1712
1713
1714
1715
1717
1718
1720
1721
1722
1723
1724
1725
1726
1727
1729
1730
1731
1732
1734
1735
1736
1737
1762
1773
1783
1786
1789
1802
1805
1806
1808
1809
1810
1817
1902
1903
1904
1905
1906
1907
1909
2002
2006
2007
2008
2009
2010
2012
2013
2014
2015
2017
2020
2022
2023
2024
2025
2027
2028
2029
2030
2031
2032
2033
2034
2038
2049
2059
2062
2101
2102
2103
2104
2105
2106
2107
2108
2109
2114
2115
2201
2204
2207
2208
2227
2228
2231
2236
2301
2302
2303
2305
2308
2311
2312
2313
2314
2316
2317
2321
2323
2324
2325
2327
2328
2329
2330
2331
2332
2337
2338
2340
2342
2344
2345
2347
2349
2351
2352
2353
2354
2355
2356
2357
2358
2359
2360
2362
2363
2364
2365
2367
2368
2369
2371
2373
2374
2375
2376
2377
2379
2380
2382
2383
2387
2388
2390
2392
2393
2395
2397
2399
2401
2402
2404
2405
2406
2408
2409
2412
2413
2414
2415
2417
2419
2420
2421
2423
2424
2425
2426
2427
2428
2429
2430
2431
2433
2434
2436
2437
2439
2440
2441
2442
2443
2444
2448
2449
2450
2451
2453
2454
2455
2457
2458
2459
2460
2461
2462
2464
2465
2467
2468
2471
2472
2474
2475
2476
2477
2478
2480
2481
2482
2483
2484
2485
2486
2488
2489
2491
2492
2493
2495
2496
2497
2498
2499
2501
2505
2506
2509
2511
2514
2515
2516
2520
2524
2527
2528
2530
2534
2535
2536
2537
2538
2539
2540
2542
2543
2545
2546
2547
2548
2597
2601
2603
2605
2606
2607
2608
2609
2610
2611
2612
2613
2614
2615
2616
2617
2618
2634
2637
2642
2701
2702
2704
2705
2706
2707
2712
2722
2723
2727
2731
2801
2809
2812
2816
2820
2823
2832
2834
2836
2838
2841
2845
2849
2850
2851
2852
2855
2856
2867
2880
2882
2883
2884
2885
2886
2887
2888
2890
2892
2901
2903
2904
2906
2908
2910
2911
2912
2913
2915
2923
2929
2936
3002
3003
3004
3005
3006
3008
3010
3011
3013
3014
3015
3016
3017
3019
3021
3022
3023
3024
3025
3026
3027
3028
3029
3030
3031
3032
3033
3034
3035
3036
3037
3038
3041
3042
3043
3044
3045
3046
3047
3048
3049
3050
3051
3052
3055
3056
3057
3058
3059
3060
3062
3090
3094
3130
3149
3164
3167
3189
3209
3229
3231
3257
3296
3305
3308
3311
3312
3315
3338
3356
3376
3380
3383
3406
3419
3432
3437
3443
3450
3454
3481
3494
3501
3504
3514
3515
3518
3519
3532
3533
3535
3550
3557
3559
3561
3576
3583
3588
3591
3596
3607
3622
3645
3653
3661
3665
3669
3673
3679
3682
3686
3694
3698
3701
3702
3704
3705
3706
4104
4106
4108
4119
4133
4137
4141
4142
4144
4164
4190
4306
4414
4426
4526
4532
4536
4552
4557
4722
4725
4737
4746
4755
4904
4906
4915
4919
4930
4934
4935
4938
4942
4952
4956
4958
4960
4976
4977
4984
4994
4999
5007
5203
5215
5225
5234
5243
5259
5264
5269
5285
5288
5305
5388
5434
5469
5471
5484
5515
5519
5521
5522
5525
5531
5533
5534
5538
5607
5608
5706
5880
5906
5907
6005
6108
6112
6115
6116
6117
6128
6133
6136
6139
6141
6142
6145
6152
6153
6155
6164
6165
6166
6168
6172
6176
6177
6183
6184
6189
6191
6192
6196
6197
6201
6202
6205
6206
6209
6213
6214
6215
6216
6224
6225
6226
6230
6235
6239
6243
6251
6257
6269
6271
6277
6278
6281
6282
6283
6285
6289
6405
6409
6412
6414
6415
6431
6451
6452
6456
6504
6505
6605
8011
8016
8021
8033
8039
8046
8070
8072
8081
8101
8103
8105
8110
8112
8114
8131
8150
8163
8201
8210
8213
8215
8249
8261
8271
8374
8411
8422
8427
8429
8442
8443
8466
8467
8926
8940
8996
9802
9902
9904
9905
9907
9908
9910
9911
9912
9914
9917
9918
9919
9921
9924
9925
9926
9927
9928
9929
9930
9931
9933
9934
9935
9937
9938
9939
9940
9941
9942
9943
9944
9945
9946
9955
9958
1258
1259
1333
1336
1565
1566
1569
1570
1580
1584
1586
1591
1593
1595
1597
1599
1742
1752
1777
1781
1784
1785
1787
1788
1795
1813
1815
2035
2061
2063
2066
2067
2221
2230
2233
2596
2636
2640
2641
2719
2724
2729
2734
2916
2924
2926
3064
3066
3067
3068
3071
3073
3078
3083
3085
3088
3089
3092
3093
3095
3105
3114
3115
3118
3128
3131
3141
3144
3152
3162
3163
3169
3176
3191
3205
3206
3207
3211
3213
3217
3219
3221
3224
3227
3228
3230
3232
3234
3236
3260
3264
3268
3272
3276
3284
3285
3287
3288
3289
3290
3293
3294
3297
3303
3306
3310
3313
3317
3322
3323
3324
3325
3332
3339
3354
3360
3362
3363
3372
3373
3379
3388
3390
3402
3428
3431
3434
3438
3441
3444
3452
3455
3465
3466
3479
3483
3484
3489
3490
3491
3498
3499
3508
3511
3512
3516
3520
3521
3522
3523
3526
3527
3529
3531
3537
3540
3541
3546
3548
3551
3552
3553
3556
3558
3562
3563
3564
3567
3570
3577
3580
3587
3594
3609
3611
3615
3623
3624
3625
3628
3630
3631
3632
3642
3646
3652
3663
3664
3675
3680
3684
3687
3691
3693
3707
4102
4103
4105
4107
4109
4111
4113
4114
4121
4123
4126
4127
4128
4129
4130
4131
4138
4139
4152
4153
4154
4157
4160
4161
4162
4163
4168
4171
4173
4175
4180
4205
4207
4303
4304
4305
4401
4402
4406
4415
4416
4417
4419
4420
4429
4430
4432
4502
4503
4506
4510
4513
4523
4527
4528
4529
4530
4533
4534
4535
4542
4609
4702
4706
4707
4711
4712
4714
4716
4721
4726
4728
4729
4735
4736
4739
4743
4745
4747
4903
4905
4907
4908
4909
4911
4924
4933
4939
4944
4946
4947
4953
4965
4966
4971
4972
4973
4974
4979
4987
4991
4995
5009
5011
5013
5014
5015
5016
5102
5201
5202
5205
5206
5209
5210
5211
5212
5213
5227
5230
5251
5255
5263
5272
5274
5276
5284
5287
5289
5302
5304
5306
5309
5310
5312
5314
5315
5317
5321
5324
5328
5340
5344
5347
5348
5349
5351
5353
5355
5356
5371
5381
5383
5384
5386
5392
5398
5403
5410
5425
5426
5432
5438
5439
5443
5450
5452
5455
5457
5460
5464
5465
5468
5474
5475
5478
5480
5481
5483
5487
5488
5489
5490
5493
5498
5508
5511
5512
5514
5516
5520
5523
5529
5530
5536
5601
5603
5604
5609
5701
5703
5704
5820
5902
5903
5904
5905
6015
6016
6020
6021
6022
6024
6101
6103
6104
6105
6107
6109
6111
6113
6118
6121
6122
6123
6124
6125
6126
6127
6129
6130
6134
6138
6140
6143
6144
6146
6147
6148
6150
6151
6154
6156
6158
6160
6161
6163
6167
6169
6170
6173
6174
6175
6180
6182
6186
6187
6188
6190
6194
6195
6198
6203
6204
6207
6208
6210
6212
6217
6218
6219
6220
6221
6222
6227
6228
6229
6231
6233
6234
6237
6238
6240
6241
6244
6245
6246
6247
6259
6261
6263
6264
6265
6266
6270
6274
6275
6276
6279
6284
6287
6290
6291
6292
6294
6298
6404
6411
6506
6508
6509
6603
6803
8024
8032
8034
8038
8040
8042
8043
8044
8047
8048
8049
8050
8054
8059
8064
8066
8067
8068
8069
8071
8074
8076
8080
8083
8084
8085
8086
8087
8088
8091
8092
8093
8096
8097
8099
8109
8111
8121
8147
8155
8171
8176
8182
8183
8234
8240
8255
8277
8287
8289
8291
8299
8349
8354
8358
8383
8390
8401
8403
8406
8409
8410
8416
8418
8421
8423
8424
8426
8432
8433
8435
8436
8446
8450
8905
8906
8908
8913
8916
8917
8921
8923
8924
8927
8928
8929
8930
8931
8932
8933
8934
8935
8936
8937
8938
8941
8942
9949
9950
9951
9960
9962
