1101  36.20
1102  26.05
1103  8.66
1104  24.20
1108  9.24
1109  9.93
1110  14.95
1201  17.95
1203  22.15
1210  29.70
1213  16.35
1215  44.10
1216  55.20
1217  7.19
1218  15.90
1219  15.60
1220  10.70
1225  44.20
1227  75.80
1229  21.55
1231  30.00
1232  83.90
1233  36.60
1234  32.30
1235  30.00
1236  18.50
1702  62.70
1301  86.20
1303  65.90
1304  15.90
1305  27.00
1307  35.05
1308  18.90
1309  8.58
1310  19.45
1312  20.25
1313  12.15
1314  9.11
1315  24.85
1319  64.10
1321  25.20
1323  34.95
1324  13.15
1325  19.15
1326  95.00
1337  17.30
1339  35.50
1340  55.30
1715  10.20
4306  11.15
1402  22.65
1409  8.58
1410  24.15
1413  5.80
1414  6.15
1416  25.85
1417  5.03
1418  5.25
1419  38.70
1423  6.61
1432  16.25
1434  27.85
1438  3.75
1439  15.35
1440  12.05
1441  6.22
1443  4.51
1444  7.90
1445  9.36
1446  15.30
1447  7.26
1449  4.03
1451  23.70
1452  20.15
1453  7.97
1454  8.05
1455  8.70
1456  9.37
1457  10.25
1459  8.24
1460  16.55
1463  18.15
1464  24.25
1465  12.60
1466  12.80
1467  11.00
1468  9.97
1469  13.75
1470  18.45
1472  12.65
1473  28.90
1474  10.55
1475  7.60
1476  313.50
1477  114.50
4414  17.75
4426  116.00
1503  40.55
1504  26.70
1506  14.00
1507  44.40
1512  4.52
1513  17.55
1514  9.27
1515  12.25
1516  16.15
1517  10.20
1519  17.00
1521  77.10
1522  33.50
1524  10.50
1525  112.50
1526  12.90
1527  82.80
1528  9.99
1529  3.65
1530  27.00
1531  15.90
1533  37.10
1535  42.50
1536  118.00
1537  140.50
1538  5.62
1539  23.05
1540  13.35
1541  44.05
1560  51.30
1583  47.25
1589  110.50
1590  235.00
2049  128.50
2231  249.00
4526  21.00
4532  31.70
6605  84.90
8374  14.05
1603  17.45
1604  18.10
1605  12.70
1608  8.09
1609  5.57
1611  7.38
1612  8.91
1613  2.47
1614  24.25
1615  10.10
1616  5.21
1617  7.63
1618  8.08
1626  25.55
4930  12.85
1701  17.90
1704  37.90
1707  241.50
1708  26.00
1709  16.80
1710  20.45
1711  19.50
1712  15.30
1713  14.60
1714  7.78
1717  32.65
1718  8.08
1720  32.30
1721  15.20
1722  40.10
1723  108.00
1724  16.40
1725  12.85
1726  78.10
1727  12.60
1729  64.10
1730  36.40
1731  13.25
1732  13.35
1733  41.55
1734  24.10
1735  11.85
1736  44.25
1737  29.20
1762  26.75
1773  52.00
1789  38.55
3164  19.45
3705  45.50
4104  44.10
4106  32.05
4108  28.30
4119  73.60
4133  35.50
4141  32.80
4142  22.35
4144  49.40
4164  41.35
4722  33.75
4725  16.10
4733  136.00
4737  48.00
4746  84.00
1802  13.25
1806  6.93
1809  12.10
1810  8.68
1902  10.25
1903  30.60
1904  11.65
1905  8.76
1906  15.60
1907  9.25
1909  14.95
2002  24.30
2006  21.40
2007  5.11
2008  9.57
2009  7.78
2010  11.55
2012  13.15
2013  22.50
2014  9.74
2015  45.10
2017  8.49
2020  15.15
2022  4.66
2023  12.50
2024  8.40
2025  3.04
2027  18.10
2028  3.02
2029  36.20
2030  10.55
2031  20.75
2032  10.90
2033  9.38
2034  24.95
2038  6.90
2069  23.00
3004  49.50
5007  54.50
5538  24.95
9958  9.88
2101  28.80
2102  12.60
2103  30.60
2104  26.20
2105  58.50
2106  46.25
2107  14.15
2108  21.25
2109  10.25
2114  76.90
2115  52.20
1338  94.80
2201  26.20
2204  24.20
2206  20.10
2207  353.00
2227  196.50
1437  15.20
1471  4.49
1582  54.30
2059  366.00
2301  49.00
2302  6.21
2303  11.35
2305  7.78
2308  156.00
2311  34.25
2312  10.95
2313  15.75
2314  23.60
2316  16.35
2317  80.60
2321  2.33
2323  3.57
2324  18.80
2325  46.30
2327  58.60
2328  24.15
2329  10.50
2330  181.00
2331  13.00
2332  10.10
2337  4.11
2338  8.06
2340  13.25
2342  2.21
2344  9.53
2345  42.60
2347  32.20
2349  5.13
2351  40.30
2352  14.95
2353  13.20
2354  83.70
2355  58.00
2356  21.85
2357  263.00
2358  12.55
2359  13.75
2360  75.50
2362  26.35
2363  6.87
2364  2.75
2365  8.63
2367  9.00
2368  9.84
2369  11.15
2373  51.80
2374  15.45
2375  16.20
2376  41.35
2377  88.00
2379  104.50
2380  6.65
2382  58.00
2383  82.70
2385  70.70
2387  16.65
2388  10.20
2390  13.55
2392  34.80
2393  46.15
2395  250.00
2397  49.90
2399  8.12
2401  10.05
2402  12.70
2404  48.00
2405  7.32
2406  20.15
2408  39.00
2409  11.65
2412  106.00
2413  11.10
2414  16.35
2415  24.50
2417  9.20
2419  19.45
2420  34.00
2421  23.40
2423  19.30
2424  20.85
2425  20.70
2426  11.15
2427  6.84
2428  62.30
2429  15.80
2430  28.30
2431  12.65
2433  39.40
2434  6.01
2436  20.40
2437  45.95
2438  8.50
2439  115.50
2440  8.77
2441  38.45
2442  6.13
2443  6.42
2444  10.75
2448  22.65
2449  26.60
2450  49.65
2451  81.00
2453  10.30
2454  221.50
2455  43.60
2456  68.20
2457  9.31
2458  31.40
2459  35.40
2460  10.50
2461  16.85
2462  19.40
2464  35.25
2465  8.10
2466  33.85
2467  16.00
2468  10.50
2471  13.25
2472  37.30
2474  213.50
2475  1.31
2476  24.35
2477  14.15
2478  18.65
2480  26.40
2481  14.55
2482  12.90
2483  16.85
2484  17.85
2485  30.00
2486  7.99
2488  43.55
2489  22.15
2491  6.03
2492  34.70
2493  25.75
2495  15.05
2496  100.00
2497  32.40
2498  79.30
2499  13.40
3002  9.97
3003  34.15
3005  37.25
3006  31.40
3008  3490.00
3010  44.00
3011  6.71
3013  16.10
3014  28.35
3015  22.50
3016  15.30
3017  22.70
3018  16.90
3019  27.90
3021  12.55
3022  45.55
3023  67.30
3024  7.12
3025  10.10
3026  31.40
3027  12.00
3028  16.95
3029  18.10
3030  39.05
3031  10.75
3032  40.25
3033  16.85
3034  106.50
3035  26.50
3036  43.75
3037  11.85
3038  10.00
3041  15.80
3042  40.10
3043  2.03
3044  70.60
3045  106.00
3046  5.59
3047  9.76
3048  17.20
3049  8.59
3050  10.95
3051  3.27
3054  23.70
3055  17.45
3057  13.25
3058  9.67
3059  20.20
3060  29.30
3062  17.15
3090  23.50
3094  19.90
3130  137.00
3149  24.45
3189  70.40
3209  23.80
3229  11.85
3231  23.20
3257  35.50
3296  12.20
3305  27.90
3308  7.18
3311  14.95
3312  7.06
3315  16.25
3321  13.20
3338  29.10
3356  42.40
3376  85.30
3380  18.85
3383  3.28
3406  65.00
3413  79.90
3416  48.10
3419  15.30
3432  12.50
3437  21.75
3443  76.50
3450  114.50
3454  77.90
3474  29.75
3481  10.95
3494  11.75
3501  47.30
3504  24.95
3514  16.80
3515  37.35
3518  21.40
3519  15.15
3528  29.10
3532  40.50
3533  79.00
3535  14.00
3536  17.50
3545  34.60
3550  15.10
3559  23.20
3561  13.30
3576  14.35
3579  9.92
3583  56.50
3588  30.90
3591  13.10
3593  6.79
3596  57.70
3605  22.45
3607  31.30
3617  96.20
3622  11.30
3645  33.10
3653  44.70
3661  31.90
3665  147.50
3669  21.20
3673  53.00
3679  71.50
3682  9.60
3686  6.20
3694  13.30
3698  12.90
3702  37.80
3704  14.20
3706  30.20
4545  42.05
4904  73.00
4906  19.45
4912  75.00
4915  44.50
4916  34.85
4919  35.20
4927  30.40
4934  11.90
4935  57.90
4938  72.30
4942  25.00
4943  55.60
4952  35.95
4956  24.85
4958  62.60
4960  10.95
4968  52.70
4976  19.20
4977  62.00
4984  59.50
4994  83.30
4999  51.50
5203  65.00
5215  27.35
5225  31.50
5234  34.40
5243  36.20
5264  84.10
5269  242.00
5285  36.40
5305  20.95
5388  75.30
5434  80.30
5469  16.50
5471  31.05
5484  6.49
6108  24.45
6112  26.15
6115  43.40
6116  9.23
6117  13.95
6120  12.20
6128  41.40
6131  12.50
6133  9.02
6136  23.10
6139  25.60
6141  10.10
6142  5.75
6145  8.40
6152  9.27
6153  17.70
6155  17.20
6164  13.40
6165  15.50
6166  53.00
6168  9.21
6172  10.90
6176  57.40
6183  25.50
6189  29.85
6191  10.90
6192  50.50
6196  26.30
6197  26.65
6201  31.10
6202  47.60
6205  29.95
6206  91.70
6209  19.90
6213  32.65
6214  52.10
6215  12.15
6216  29.40
6224  57.50
6225  3.21
6226  5.92
6230  120.50
6235  18.80
6239  84.80
6243  12.95
6251  8.42
6257  22.95
6269  82.80
6271  91.00
6277  78.70
6278  25.80
6281  60.60
6282  22.70
6283  25.10
6285  88.90
6289  1.40
6405  14.25
6409  419.50
6412  48.50
6414  412.50
6415  484.50
6422  63.60
6431  8.96
6442  42.40
6443  9.23
6449  29.30
6451  95.10
6456  86.70
6477  16.80
6525  51.10
6531  58.70
8011  16.85
8016  108.00
8021  18.95
8039  29.40
8046  24.00
8070  137.00
8072  20.10
8081  70.30
8101  4.31
8103  26.30
8105  15.55
8110  10.85
8112  23.25
8114  176.50
8131  22.45
8150  25.85
8163  19.40
8201  8.45
8210  51.10
8213  30.25
8215  12.70
8249  20.10
8261  22.40
8271  32.35
9912  7.11
1436  39.90
1438  3.75
1442  17.60
1805  5.72
1808  32.10
2501  16.10
2504  6.89
2505  11.70
2506  11.10
2509  18.00
2511  10.05
2515  5.94
2516  6.54
2520  16.60
2524  19.25
2527  17.90
2528  6.58
2530  13.45
2534  16.60
2535  19.05
2536  25.70
2537  9.54
2538  9.05
2539  24.80
2540  24.05
2542  44.20
2543  9.01
2545  39.65
2546  15.95
2547  8.93
2548  55.30
2597  36.75
2841  9.85
2923  20.75
3052  7.85
3056  17.90
3266  11.15
3703  10.30
5515  8.42
5519  10.60
5521  9.99
5522  35.60
5525  14.55
5531  10.10
5533  15.60
5534  55.80
6177  19.50
9906  17.60
9946  10.70
2208  13.35
2601  7.27
2603  12.15
2605  21.35
2606  25.90
2607  12.95
2608  45.50
2609  6.05
2610  9.24
2611  6.82
2612  32.70
2613  13.70
2614  7.70
2615  17.00
2617  13.55
2618  15.10
2637  30.65
5607  14.25
5608  10.00
6702  5.60
2701  13.50
2702  16.55
2704  24.10
2705  8.01
2706  16.25
2707  170.50
2712  25.70
2722  41.15
2723  274.00
2727  128.50
2731  73.50
2739  32.40
5706  34.75
8940  15.10
9943  49.15
2801  16.25
2809  26.85
2812  9.02
2816  11.95
2820  12.65
2823  31.35
2832  18.70
2834  7.82
2836  8.94
2838  8.76
2845  9.00
2849  12.05
2850  24.65
2851  14.20
2852  12.30
2855  10.95
2856  8.12
2867  16.10
2880  15.65
2881  47.60
2882  44.85
2883  7.56
2884  18.25
2885  11.55
2886  22.75
2887  11.45
2888  6.86
2889  7.99
2890  8.80
2891  17.30
2892  16.55
5880  13.70
6005  8.43
2901  26.10
2903  16.05
2905  20.60
2906  10.45
2908  19.30
2910  24.95
2911  10.70
2912  241.50
2913  14.10
2915  52.30
5906  6.25
5907  22.20
8429  38.00
1262  149.00
1435  4.23
1516  16.30
2062  40.15
2348  18.95
2514  16.60
2904  25.20
3040  34.00
4536  98.00
5871  52.90
6184  33.25
6464  126.00
6504  144.50
8033  9.20
8341  116.50
8404  36.90
8411  27.45
8422  165.00
8427  65.70
8442  45.50
8463  17.85
8464  329.00
8466  125.50
8467  35.00
8473  53.30
9802  59.60
9902  8.88
9904  39.35
9905  23.10
9907  13.50
9910  112.50
9911  35.05
9914  123.50
9917  90.50
9919  10.50
9921  187.50
9924  41.15
9925  40.00
9927  33.65
9928  5.60
9929  11.35
9930  51.80
9933  49.25
9934  14.15
9935  9.75
9938  95.40
9939  51.70
9940  29.35
9941  74.40
9942  81.50
9944  20.25
9945  35.60
9955  15.70
1316  10.60
1704  37.90
1708  26.00
1709  16.80
1710  20.45
1711  19.50
1712  15.30
1713  14.60
1714  7.83
1717  32.65
1718  8.08
1721  15.20
1722  40.30
1723  108.00
1724  16.40
1725  12.85
1726  78.10
1727  12.60
1730  36.60
1732  13.05
1735  11.85
1773  52.00
1776  20.95
3708  62.30
4720  15.00
4722  33.85
4725  16.20
4755  28.65
4763  110.00
1701  17.90
1707  241.00
1720  32.30
1729  64.10
1731  13.50
1733  41.80
1734  24.10
1736  44.25
1762  26.75
1789  38.55
3164  19.20
3705  45.50
4104  43.95
4106  32.85
4108  28.30
4119  72.40
4133  35.90
4141  33.00
4142  22.30
4144  49.95
4164  41.40
4737  48.15
4746  83.20
2616  25.95
6505  100.00
8926  22.65
9908  24.00
9918  31.75
9926  41.75
9931  31.30
9937  36.95
